Out-Left indicator sequence,Leftside junction,Rightside junction,Out-Right indicator sequence,Leftside homology arm,Rightside homology arm,Untreated sequence,In-Left indicator sequence,In-Right indicator sequence,Left cutout sequence,Right cutout sequence,Left cutout maximum deletion sequence,Right cutout maximum deletion sequence,Leftside edited homology arm,Rightside edited homology arm
AGGCACACTCAGCACA,GGAGCTGCAGGAGTGGGTCCGGCGCA,CGCAGGCTGTGGAGCTGCGG,GGGCAGGCGGCCT,GCAGGAGTGGGTCCGGCGCA,CGCAGGCTGTGGAGCTGCGG,GGAGCTGCAGGAGTGGGTCCGGCGCACGCAGGCTGTGGAGCTGCGG,TTTTTTTTTTTTTTTTTTT,TTTTTTTTTTTTTTTTTTT,AGGCACACTCAGCACAGGAGCTGCAGGAGTGGGTCCGGCGCA,CGCAGGCTGTGGAGCTGCGGGGGCAGGCGGCCT,AGGCACACTCAG,CCT,GCAGGAGTGGGTCCGGCGCA,CGCAGGCTGTGGAGCTGCGG
